441  400  1  0  80  0.1
2.5  0.28  2350  40  0.2
1  2  23  22  1
2  3  24  23  1
3  4  25  24  1
4  5  26  25  1
5  6  27  26  1
6  7  28  27  1
7  8  29  28  1
8  9  30  29  1
9  10  31  30  1
10  11  32  31  1
11  12  33  32  1
12  13  34  33  1
13  14  35  34  1
14  15  36  35  1
15  16  37  36  1
16  17  38  37  1
17  18  39  38  1
18  19  40  39  1
19  20  41  40  1
20  21  42  41  1
22  23  44  43  1
23  24  45  44  1
24  25  46  45  1
25  26  47  46  1
26  27  48  47  1
27  28  49  48  1
28  29  50  49  1
29  30  51  50  1
30  31  52  51  1
31  32  53  52  1
32  33  54  53  1
33  34  55  54  1
34  35  56  55  1
35  36  57  56  1
36  37  58  57  1
37  38  59  58  1
38  39  60  59  1
39  40  61  60  1
40  41  62  61  1
41  42  63  62  1
43  44  65  64  1
44  45  66  65  1
45  46  67  66  1
46  47  68  67  1
47  48  69  68  1
48  49  70  69  1
49  50  71  70  1
50  51  72  71  1
51  52  73  72  1
52  53  74  73  1
53  54  75  74  1
54  55  76  75  1
55  56  77  76  1
56  57  78  77  1
57  58  79  78  1
58  59  80  79  1
59  60  81  80  1
60  61  82  81  1
61  62  83  82  1
62  63  84  83  1
64  65  86  85  1
65  66  87  86  1
66  67  88  87  1
67  68  89  88  1
68  69  90  89  1
69  70  91  90  1
70  71  92  91  1
71  72  93  92  1
72  73  94  93  1
73  74  95  94  1
74  75  96  95  1
75  76  97  96  1
76  77  98  97  1
77  78  99  98  1
78  79  100  99  1
79  80  101  100  1
80  81  102  101  1
81  82  103  102  1
82  83  104  103  1
83  84  105  104  1
85  86  107  106  1
86  87  108  107  1
87  88  109  108  1
88  89  110  109  1
89  90  111  110  1
90  91  112  111  1
91  92  113  112  1
92  93  114  113  1
93  94  115  114  1
94  95  116  115  1
95  96  117  116  1
96  97  118  117  1
97  98  119  118  1
98  99  120  119  1
99  100  121  120  1
100  101  122  121  1
101  102  123  122  1
102  103  124  123  1
103  104  125  124  1
104  105  126  125  1
106  107  128  127  1
107  108  129  128  1
108  109  130  129  1
109  110  131  130  1
110  111  132  131  1
111  112  133  132  1
112  113  134  133  1
113  114  135  134  1
114  115  136  135  1
115  116  137  136  1
116  117  138  137  1
117  118  139  138  1
118  119  140  139  1
119  120  141  140  1
120  121  142  141  1
121  122  143  142  1
122  123  144  143  1
123  124  145  144  1
124  125  146  145  1
125  126  147  146  1
127  128  149  148  1
128  129  150  149  1
129  130  151  150  1
130  131  152  151  1
131  132  153  152  1
132  133  154  153  1
133  134  155  154  1
134  135  156  155  1
135  136  157  156  1
136  137  158  157  1
137  138  159  158  1
138  139  160  159  1
139  140  161  160  1
140  141  162  161  1
141  142  163  162  1
142  143  164  163  1
143  144  165  164  1
144  145  166  165  1
145  146  167  166  1
146  147  168  167  1
148  149  170  169  1
149  150  171  170  1
150  151  172  171  1
151  152  173  172  1
152  153  174  173  1
153  154  175  174  1
154  155  176  175  1
155  156  177  176  1
156  157  178  177  1
157  158  179  178  1
158  159  180  179  1
159  160  181  180  1
160  161  182  181  1
161  162  183  182  1
162  163  184  183  1
163  164  185  184  1
164  165  186  185  1
165  166  187  186  1
166  167  188  187  1
167  168  189  188  1
169  170  191  190  1
170  171  192  191  1
171  172  193  192  1
172  173  194  193  1
173  174  195  194  1
174  175  196  195  1
175  176  197  196  1
176  177  198  197  1
177  178  199  198  1
178  179  200  199  1
179  180  201  200  1
180  181  202  201  1
181  182  203  202  1
182  183  204  203  1
183  184  205  204  1
184  185  206  205  1
185  186  207  206  1
186  187  208  207  1
187  188  209  208  1
188  189  210  209  1
190  191  212  211  1
191  192  213  212  1
192  193  214  213  1
193  194  215  214  1
194  195  216  215  1
195  196  217  216  1
196  197  218  217  1
197  198  219  218  1
198  199  220  219  1
199  200  221  220  1
200  201  222  221  1
201  202  223  222  1
202  203  224  223  1
203  204  225  224  1
204  205  226  225  1
205  206  227  226  1
206  207  228  227  1
207  208  229  228  1
208  209  230  229  1
209  210  231  230  1
211  212  233  232  1
212  213  234  233  1
213  214  235  234  1
214  215  236  235  1
215  216  237  236  1
216  217  238  237  1
217  218  239  238  1
218  219  240  239  1
219  220  241  240  1
220  221  242  241  1
221  222  243  242  1
222  223  244  243  1
223  224  245  244  1
224  225  246  245  1
225  226  247  246  1
226  227  248  247  1
227  228  249  248  1
228  229  250  249  1
229  230  251  250  1
230  231  252  251  1
232  233  254  253  1
233  234  255  254  1
234  235  256  255  1
235  236  257  256  1
236  237  258  257  1
237  238  259  258  1
238  239  260  259  1
239  240  261  260  1
240  241  262  261  1
241  242  263  262  1
242  243  264  263  1
243  244  265  264  1
244  245  266  265  1
245  246  267  266  1
246  247  268  267  1
247  248  269  268  1
248  249  270  269  1
249  250  271  270  1
250  251  272  271  1
251  252  273  272  1
253  254  275  274  1
254  255  276  275  1
255  256  277  276  1
256  257  278  277  1
257  258  279  278  1
258  259  280  279  1
259  260  281  280  1
260  261  282  281  1
261  262  283  282  1
262  263  284  283  1
263  264  285  284  1
264  265  286  285  1
265  266  287  286  1
266  267  288  287  1
267  268  289  288  1
268  269  290  289  1
269  270  291  290  1
270  271  292  291  1
271  272  293  292  1
272  273  294  293  1
274  275  296  295  1
275  276  297  296  1
276  277  298  297  1
277  278  299  298  1
278  279  300  299  1
279  280  301  300  1
280  281  302  301  1
281  282  303  302  1
282  283  304  303  1
283  284  305  304  1
284  285  306  305  1
285  286  307  306  1
286  287  308  307  1
287  288  309  308  1
288  289  310  309  1
289  290  311  310  1
290  291  312  311  1
291  292  313  312  1
292  293  314  313  1
293  294  315  314  1
295  296  317  316  1
296  297  318  317  1
297  298  319  318  1
298  299  320  319  1
299  300  321  320  1
300  301  322  321  1
301  302  323  322  1
302  303  324  323  1
303  304  325  324  1
304  305  326  325  1
305  306  327  326  1
306  307  328  327  1
307  308  329  328  1
308  309  330  329  1
309  310  331  330  1
310  311  332  331  1
311  312  333  332  1
312  313  334  333  1
313  314  335  334  1
314  315  336  335  1
316  317  338  337  1
317  318  339  338  1
318  319  340  339  1
319  320  341  340  1
320  321  342  341  1
321  322  343  342  1
322  323  344  343  1
323  324  345  344  1
324  325  346  345  1
325  326  347  346  1
326  327  348  347  1
327  328  349  348  1
328  329  350  349  1
329  330  351  350  1
330  331  352  351  1
331  332  353  352  1
332  333  354  353  1
333  334  355  354  1
334  335  356  355  1
335  336  357  356  1
337  338  359  358  1
338  339  360  359  1
339  340  361  360  1
340  341  362  361  1
341  342  363  362  1
342  343  364  363  1
343  344  365  364  1
344  345  366  365  1
345  346  367  366  1
346  347  368  367  1
347  348  369  368  1
348  349  370  369  1
349  350  371  370  1
350  351  372  371  1
351  352  373  372  1
352  353  374  373  1
353  354  375  374  1
354  355  376  375  1
355  356  377  376  1
356  357  378  377  1
358  359  380  379  1
359  360  381  380  1
360  361  382  381  1
361  362  383  382  1
362  363  384  383  1
363  364  385  384  1
364  365  386  385  1
365  366  387  386  1
366  367  388  387  1
367  368  389  388  1
368  369  390  389  1
369  370  391  390  1
370  371  392  391  1
371  372  393  392  1
372  373  394  393  1
373  374  395  394  1
374  375  396  395  1
375  376  397  396  1
376  377  398  397  1
377  378  399  398  1
379  380  401  400  1
380  381  402  401  1
381  382  403  402  1
382  383  404  403  1
383  384  405  404  1
384  385  406  405  1
385  386  407  406  1
386  387  408  407  1
387  388  409  408  1
388  389  410  409  1
389  390  411  410  1
390  391  412  411  1
391  392  413  412  1
392  393  414  413  1
393  394  415  414  1
394  395  416  415  1
395  396  417  416  1
396  397  418  417  1
397  398  419  418  1
398  399  420  419  1
400  401  422  421  1
401  402  423  422  1
402  403  424  423  1
403  404  425  424  1
404  405  426  425  1
405  406  427  426  1
406  407  428  427  1
407  408  429  428  1
408  409  430  429  1
409  410  431  430  1
410  411  432  431  1
411  412  433  432  1
412  413  434  433  1
413  414  435  434  1
414  415  436  435  1
415  416  437  436  1
416  417  438  437  1
417  418  439  438  1
418  419  440  439  1
419  420  441  440  1
-0.5  -0.5  20  1  
-0.45  -0.5  20  2  
-0.4  -0.5  20  3  
-0.35  -0.5  20  4  
-0.3  -0.5  20  5  
-0.25  -0.5  20  6  
-0.2  -0.5  20  7  
-0.15  -0.5  20  8  
-0.1  -0.5  20  9  
-0.05  -0.5  20  10  
0  -0.5  20  11  
0.05  -0.5  20  12  
0.1  -0.5  20  13  
0.15  -0.5  20  14  
0.2  -0.5  20  15  
0.25  -0.5  20  16  
0.3  -0.5  20  17  
0.35  -0.5  20  18  
0.4  -0.5  20  19  
0.45  -0.5  20  20  
0.5  -0.5  20  21  
-0.5  -0.45  20  22  
-0.45  -0.45  20  23  
-0.4  -0.45  20  24  
-0.35  -0.45  20  25  
-0.3  -0.45  20  26  
-0.25  -0.45  20  27  
-0.2  -0.45  20  28  
-0.15  -0.45  20  29  
-0.1  -0.45  20  30  
-0.05  -0.45  20  31  
0  -0.45  20  32  
0.05  -0.45  20  33  
0.1  -0.45  20  34  
0.15  -0.45  20  35  
0.2  -0.45  20  36  
0.25  -0.45  20  37  
0.3  -0.45  20  38  
0.35  -0.45  20  39  
0.4  -0.45  20  40  
0.45  -0.45  20  41  
0.5  -0.45  20  42  
-0.5  -0.4  20  43  
-0.45  -0.4  20  44  
-0.4  -0.4  20  45  
-0.35  -0.4  20  46  
-0.3  -0.4  20  47  
-0.25  -0.4  20  48  
-0.2  -0.4  20  49  
-0.15  -0.4  20  50  
-0.1  -0.4  20  51  
-0.05  -0.4  20  52  
0  -0.4  20  53  
0.05  -0.4  20  54  
0.1  -0.4  20  55  
0.15  -0.4  20  56  
0.2  -0.4  20  57  
0.25  -0.4  20  58  
0.3  -0.4  20  59  
0.35  -0.4  20  60  
0.4  -0.4  20  61  
0.45  -0.4  20  62  
0.5  -0.4  20  63  
-0.5  -0.35  20  64  
-0.45  -0.35  20  65  
-0.4  -0.35  20  66  
-0.35  -0.35  20  67  
-0.3  -0.35  20  68  
-0.25  -0.35  20  69  
-0.2  -0.35  20  70  
-0.15  -0.35  20  71  
-0.1  -0.35  20  72  
-0.05  -0.35  20  73  
0  -0.35  20  74  
0.05  -0.35  20  75  
0.1  -0.35  20  76  
0.15  -0.35  20  77  
0.2  -0.35  20  78  
0.25  -0.35  20  79  
0.3  -0.35  20  80  
0.35  -0.35  20  81  
0.4  -0.35  20  82  
0.45  -0.35  20  83  
0.5  -0.35  20  84  
-0.5  -0.3  20  85  
-0.45  -0.3  20  86  
-0.4  -0.3  20  87  
-0.35  -0.3  20  88  
-0.3  -0.3  20  89  
-0.25  -0.3  20  90  
-0.2  -0.3  20  91  
-0.15  -0.3  20  92  
-0.1  -0.3  20  93  
-0.05  -0.3  20  94  
0  -0.3  20  95  
0.05  -0.3  20  96  
0.1  -0.3  20  97  
0.15  -0.3  20  98  
0.2  -0.3  20  99  
0.25  -0.3  20  100  
0.3  -0.3  20  101  
0.35  -0.3  20  102  
0.4  -0.3  20  103  
0.45  -0.3  20  104  
0.5  -0.3  20  105  
-0.5  -0.25  20  106  
-0.45  -0.25  20  107  
-0.4  -0.25  20  108  
-0.35  -0.25  20  109  
-0.3  -0.25  20  110  
-0.25  -0.25  20  111  
-0.2  -0.25  20  112  
-0.15  -0.25  20  113  
-0.1  -0.25  20  114  
-0.05  -0.25  20  115  
0  -0.25  20  116  
0.05  -0.25  20  117  
0.1  -0.25  20  118  
0.15  -0.25  20  119  
0.2  -0.25  20  120  
0.25  -0.25  20  121  
0.3  -0.25  20  122  
0.35  -0.25  20  123  
0.4  -0.25  20  124  
0.45  -0.25  20  125  
0.5  -0.25  20  126  
-0.5  -0.2  20  127  
-0.45  -0.2  20  128  
-0.4  -0.2  20  129  
-0.35  -0.2  20  130  
-0.3  -0.2  20  131  
-0.25  -0.2  20  132  
-0.2  -0.2  20  133  
-0.15  -0.2  20  134  
-0.1  -0.2  20  135  
-0.05  -0.2  20  136  
0  -0.2  20  137  
0.05  -0.2  20  138  
0.1  -0.2  20  139  
0.15  -0.2  20  140  
0.2  -0.2  20  141  
0.25  -0.2  20  142  
0.3  -0.2  20  143  
0.35  -0.2  20  144  
0.4  -0.2  20  145  
0.45  -0.2  20  146  
0.5  -0.2  20  147  
-0.5  -0.15  20  148  
-0.45  -0.15  20  149  
-0.4  -0.15  20  150  
-0.35  -0.15  20  151  
-0.3  -0.15  20  152  
-0.25  -0.15  20  153  
-0.2  -0.15  20  154  
-0.15  -0.15  20  155  
-0.1  -0.15  20  156  
-0.05  -0.15  20  157  
0  -0.15  20  158  
0.05  -0.15  20  159  
0.1  -0.15  20  160  
0.15  -0.15  20  161  
0.2  -0.15  20  162  
0.25  -0.15  20  163  
0.3  -0.15  20  164  
0.35  -0.15  20  165  
0.4  -0.15  20  166  
0.45  -0.15  20  167  
0.5  -0.15  20  168  
-0.5  -0.1  20  169  
-0.45  -0.1  20  170  
-0.4  -0.1  20  171  
-0.35  -0.1  20  172  
-0.3  -0.1  20  173  
-0.25  -0.1  20  174  
-0.2  -0.1  20  175  
-0.15  -0.1  20  176  
-0.1  -0.1  20  177  
-0.05  -0.1  20  178  
0  -0.1  20  179  
0.05  -0.1  20  180  
0.1  -0.1  20  181  
0.15  -0.1  20  182  
0.2  -0.1  20  183  
0.25  -0.1  20  184  
0.3  -0.1  20  185  
0.35  -0.1  20  186  
0.4  -0.1  20  187  
0.45  -0.1  20  188  
0.5  -0.1  20  189  
-0.5  -0.05  20  190  
-0.45  -0.05  20  191  
-0.4  -0.05  20  192  
-0.35  -0.05  20  193  
-0.3  -0.05  20  194  
-0.25  -0.05  20  195  
-0.2  -0.05  20  196  
-0.15  -0.05  20  197  
-0.1  -0.05  20  198  
-0.05  -0.05  20  199  
0  -0.05  20  200  
0.05  -0.05  20  201  
0.1  -0.05  20  202  
0.15  -0.05  20  203  
0.2  -0.05  20  204  
0.25  -0.05  20  205  
0.3  -0.05  20  206  
0.35  -0.05  20  207  
0.4  -0.05  20  208  
0.45  -0.05  20  209  
0.5  -0.05  20  210  
-0.5  0  20  211  
-0.45  0  20  212  
-0.4  0  20  213  
-0.35  0  20  214  
-0.3  0  20  215  
-0.25  0  20  216  
-0.2  0  20  217  
-0.15  0  20  218  
-0.1  0  20  219  
-0.05  0  20  220  
0  0  20  221  
0.05  0  20  222  
0.1  0  20  223  
0.15  0  20  224  
0.2  0  20  225  
0.25  0  20  226  
0.3  0  20  227  
0.35  0  20  228  
0.4  0  20  229  
0.45  0  20  230  
0.5  0  20  231  
-0.5  0.05  20  232  
-0.45  0.05  20  233  
-0.4  0.05  20  234  
-0.35  0.05  20  235  
-0.3  0.05  20  236  
-0.25  0.05  20  237  
-0.2  0.05  20  238  
-0.15  0.05  20  239  
-0.1  0.05  20  240  
-0.05  0.05  20  241  
0  0.05  20  242  
0.05  0.05  20  243  
0.1  0.05  20  244  
0.15  0.05  20  245  
0.2  0.05  20  246  
0.25  0.05  20  247  
0.3  0.05  20  248  
0.35  0.05  20  249  
0.4  0.05  20  250  
0.45  0.05  20  251  
0.5  0.05  20  252  
-0.5  0.1  20  253  
-0.45  0.1  20  254  
-0.4  0.1  20  255  
-0.35  0.1  20  256  
-0.3  0.1  20  257  
-0.25  0.1  20  258  
-0.2  0.1  20  259  
-0.15  0.1  20  260  
-0.1  0.1  20  261  
-0.05  0.1  20  262  
0  0.1  20  263  
0.05  0.1  20  264  
0.1  0.1  20  265  
0.15  0.1  20  266  
0.2  0.1  20  267  
0.25  0.1  20  268  
0.3  0.1  20  269  
0.35  0.1  20  270  
0.4  0.1  20  271  
0.45  0.1  20  272  
0.5  0.1  20  273  
-0.5  0.15  20  274  
-0.45  0.15  20  275  
-0.4  0.15  20  276  
-0.35  0.15  20  277  
-0.3  0.15  20  278  
-0.25  0.15  20  279  
-0.2  0.15  20  280  
-0.15  0.15  20  281  
-0.1  0.15  20  282  
-0.05  0.15  20  283  
0  0.15  20  284  
0.05  0.15  20  285  
0.1  0.15  20  286  
0.15  0.15  20  287  
0.2  0.15  20  288  
0.25  0.15  20  289  
0.3  0.15  20  290  
0.35  0.15  20  291  
0.4  0.15  20  292  
0.45  0.15  20  293  
0.5  0.15  20  294  
-0.5  0.2  20  295  
-0.45  0.2  20  296  
-0.4  0.2  20  297  
-0.35  0.2  20  298  
-0.3  0.2  20  299  
-0.25  0.2  20  300  
-0.2  0.2  20  301  
-0.15  0.2  20  302  
-0.1  0.2  20  303  
-0.05  0.2  20  304  
0  0.2  20  305  
0.05  0.2  20  306  
0.1  0.2  20  307  
0.15  0.2  20  308  
0.2  0.2  20  309  
0.25  0.2  20  310  
0.3  0.2  20  311  
0.35  0.2  20  312  
0.4  0.2  20  313  
0.45  0.2  20  314  
0.5  0.2  20  315  
-0.5  0.25  20  316  
-0.45  0.25  20  317  
-0.4  0.25  20  318  
-0.35  0.25  20  319  
-0.3  0.25  20  320  
-0.25  0.25  20  321  
-0.2  0.25  20  322  
-0.15  0.25  20  323  
-0.1  0.25  20  324  
-0.05  0.25  20  325  
0  0.25  20  326  
0.05  0.25  20  327  
0.1  0.25  20  328  
0.15  0.25  20  329  
0.2  0.25  20  330  
0.25  0.25  20  331  
0.3  0.25  20  332  
0.35  0.25  20  333  
0.4  0.25  20  334  
0.45  0.25  20  335  
0.5  0.25  20  336  
-0.5  0.3  20  337  
-0.45  0.3  20  338  
-0.4  0.3  20  339  
-0.35  0.3  20  340  
-0.3  0.3  20  341  
-0.25  0.3  20  342  
-0.2  0.3  20  343  
-0.15  0.3  20  344  
-0.1  0.3  20  345  
-0.05  0.3  20  346  
0  0.3  20  347  
0.05  0.3  20  348  
0.1  0.3  20  349  
0.15  0.3  20  350  
0.2  0.3  20  351  
0.25  0.3  20  352  
0.3  0.3  20  353  
0.35  0.3  20  354  
0.4  0.3  20  355  
0.45  0.3  20  356  
0.5  0.3  20  357  
-0.5  0.35  20  358  
-0.45  0.35  20  359  
-0.4  0.35  20  360  
-0.35  0.35  20  361  
-0.3  0.35  20  362  
-0.25  0.35  20  363  
-0.2  0.35  20  364  
-0.15  0.35  20  365  
-0.1  0.35  20  366  
-0.05  0.35  20  367  
0  0.35  20  368  
0.05  0.35  20  369  
0.1  0.35  20  370  
0.15  0.35  20  371  
0.2  0.35  20  372  
0.25  0.35  20  373  
0.3  0.35  20  374  
0.35  0.35  20  375  
0.4  0.35  20  376  
0.45  0.35  20  377  
0.5  0.35  20  378  
-0.5  0.4  20  379  
-0.45  0.4  20  380  
-0.4  0.4  20  381  
-0.35  0.4  20  382  
-0.3  0.4  20  383  
-0.25  0.4  20  384  
-0.2  0.4  20  385  
-0.15  0.4  20  386  
-0.1  0.4  20  387  
-0.05  0.4  20  388  
0  0.4  20  389  
0.05  0.4  20  390  
0.1  0.4  20  391  
0.15  0.4  20  392  
0.2  0.4  20  393  
0.25  0.4  20  394  
0.3  0.4  20  395  
0.35  0.4  20  396  
0.4  0.4  20  397  
0.45  0.4  20  398  
0.5  0.4  20  399  
-0.5  0.45  20  400  
-0.45  0.45  20  401  
-0.4  0.45  20  402  
-0.35  0.45  20  403  
-0.3  0.45  20  404  
-0.25  0.45  20  405  
-0.2  0.45  20  406  
-0.15  0.45  20  407  
-0.1  0.45  20  408  
-0.05  0.45  20  409  
0  0.45  20  410  
0.05  0.45  20  411  
0.1  0.45  20  412  
0.15  0.45  20  413  
0.2  0.45  20  414  
0.25  0.45  20  415  
0.3  0.45  20  416  
0.35  0.45  20  417  
0.4  0.45  20  418  
0.45  0.45  20  419  
0.5  0.45  20  420  
-0.5  0.5  20  421  
-0.45  0.5  20  422  
-0.4  0.5  20  423  
-0.35  0.5  20  424  
-0.3  0.5  20  425  
-0.25  0.5  20  426  
-0.2  0.5  20  427  
-0.15  0.5  20  428  
-0.1  0.5  20  429  
-0.05  0.5  20  430  
0  0.5  20  431  
0.05  0.5  20  432  
0.1  0.5  20  433  
0.15  0.5  20  434  
0.2  0.5  20  435  
0.25  0.5  20  436  
0.3  0.5  20  437  
0.35  0.5  20  438  
0.4  0.5  20  439  
0.45  0.5  20  440  
0.5  0.5  20  441  
1  1  10  1  
2  2  10  2  
3  3  10  3  
4  4  10  4  
5  5  10  5  
6  6  10  6  
7  7  10  7  
8  8  10  8  
9  9  10  9  
10  10  10  10  
11  11  10  11  
12  12  10  12  
13  13  10  13  
14  14  10  14  
15  15  10  15  
16  16  10  16  
17  17  10  17  
18  18  10  18  
19  19  10  19  
20  20  10  20  
20  21  10  21  
40  42  10  22  
60  63  10  23  
80  84  10  24  
100  105  10  25  
120  126  10  26  
140  147  10  27  
160  168  10  28  
180  189  10  29  
200  210  10  30  
220  231  10  31  
240  252  10  32  
260  273  10  33  
280  294  10  34  
300  315  10  35  
320  336  10  36  
340  357  10  37  
360  378  10  38  
380  399  10  39  
400  420  10  40  
400  441  10  41  
399  440  10  42  
398  439  10  43  
397  438  10  44  
396  437  10  45  
395  436  10  46  
394  435  10  47  
393  434  10  48  
392  433  10  49  
391  432  10  50  
390  431  10  51  
389  430  10  52  
388  429  10  53  
387  428  10  54  
386  427  10  55  
385  426  10  56  
384  425  10  57  
383  424  10  58  
382  423  10  59  
381  422  10  60  
381  421  10  61  
361  400  10  62  
341  379  10  63  
321  358  10  64  
301  337  10  65  
281  316  10  66  
261  295  10  67  
241  274  10  68  
221  253  10  69  
201  232  10  70  
181  211  10  71  
161  190  10  72  
141  169  10  73  
121  148  10  74  
101  127  10  75  
81  106  10  76  
61  85  10  77  
41  64  10  78  
21  43  10  79  
1  22  10  80  
3
1  11  221
7
30  50  120  180  300  600  1000
